51641	0
71103	1
43408	2
7254	3
7165	4
278	5
48610	6
10646	7
51603	8
43549	9
45664	10
7049	11
35468	12
6357	13
42348	14
44255	15
50701	16
16458	17
10562	18
42439	19
33365	20
22618	21
16237	22
80135	23
6997	24
70507	25
46365	26
31400	27
33043	28
16477	29
31668	30
19752	31
30888	32
6913	33
7017	34
32508	35
51276	36
2696	37
42098	38
42325	39
43069	40
50769	41
60548	42
43067	43
32800	44
30098	45
10648	46
51656	47
42100	48
33674	49
6091	50
45014	51
7018	52
7187	53
84	54
16053	55
7154	56
33124	57
6412	58
1775	59
45941	60
6308	61
42772	62
10324	63
87	64
6519	65
32147	66
43062	67
51254	68
6650	69
1934	70
34472	71
16197	72
22904	73
6605	74
73	75
50848	76
30029	77
2694	78
50865	79
44248	80
30855	81
31669	82
48468	83
55001	84
30154	85
32582	86
10498	87
19220	88
725	89
902	90
6584	91
280	92
55082	93
43405	94
9309	95
48864	96
6417	97
42127	98
32272	99
749	100
43632	101
42113	102
9966	103
32569	104
6888	105
9143	106
10906	107
75	108
8380	109
71028	110
33121	111
18212	112
19226	113
51168	114
32989	115
70647	116
10639	117
7126	118
30814	119
226	120
6730	121
34655	122
51252	123
6195	124
6302	125
10948	126
46907	127
14812	128
31098	129
5996	130
10869	131
8064	132
70972	133
42509	134
32200	135
723	136
42981	137
7163	138
22900	139
6886	140
32944	141
46417	142
10001	143
46036	144
30799	145
15980	146
43523	147
42516	148
8033	149
32205	150
30036	151
18958	152
6974	153
2562	154
10553	155
10017	156
30595	157
34613	158
34390	159
45595	160
51969	161
46530	162
6400	163
60627	164
43039	165
16246	166
43543	167
6310	168
43281	169
43436	170
8154	171
30252	172
19318	173
31327	174
32268	175
32787	176
70199	177
42108	178
10677	179
1510	180
18193	181
7067	182
71173	183
70882	184
8213	185
6388	186
6753	187
7007	188
7602	189
6364	190
6366	191
14909	192
22402	193
51322	194
51327	195
9190	196
6260	197
45580	198
6282	199
34329	200
31577	201
6082	202
51640	203
7059	204
70887	205
30834	206
7093	207
6325	208
6342	209
60326	210
6606	211
51056	212
65002	213
50678	214
16192	215
31331	216
7076	217
50707	218
7031	219
5984	220
51261	221
6334	222
30330	223
31175	224
50866	225
6839	226
51053	227
6873	228
7243	229
42770	230
51249	231
9060	232
51301	233
5979	234
45934	235
6509	236
31589	237
1952	238
22406	239
9150	240
6612	241
6397	242
9165	243
2263	244
19221	245
50867	246
6006	247
60389	248
30155	249
51647	250
51251	251
51649	252
6575	253
45333	254
19932	255
31023	256
50703	257
31324	258
32269	259
45807	260
48858	261
43506	262
48660	263
6921	264
48870	265
16481	266
6266	267
32446	268
45991	269
45055	270
45859	271
48666	272
2320	273
48667	274
31050	275
70585	276
32990	277
51057	278
31123	279
31396	280
48812	281
18108	282
19395	283
8652	284
7029	285
6623	286
44038	287
18409	288
48200	289
34470	290
6643	291
60284	292
32392	293
46823	294
23038	295
46489	296
51716	297
33673	298
31345	299
31506	300
6333	301
45892	302
7265	303
44262	304
9081	305
51170	306
6289	307
6073	308
7051	309
10830	310
30837	311
51174	312
32006	313
6261	314
6355	315
9260	316
31398	317
10026	318
31346	319
6140	320
35023	321
10638	322
6360	323
46520	324
43066	325
45216	326
7267	327
42435	328
16570	329
31124	330
9209	331
6468	332
51480	333
90077	334
9303	335
9261	336
31329	337
30010	338
7143	339
43068	340
45935	341
22413	342
46051	343
31497	344
12501	345
33059	346
51153	347
55086	348
71445	349
42180	350
6085	351
6796	352
726	353
904	354
44265	355
43414	356
46427	357
42254	358
6163	359
7015	360
6915	361
9145	362
48699	363
42063	364
8219	365
30030	366
14031	367
7409	368
51146	369
9117	370
51272	371
6007	372
6413	373
44275	374
7266	375
42219	376
46649	377
279	378
45321	379
30581	380
77	381
31401	382
30003	383
70227	384
9146	385
51402	386
30835	387
23049	388
34660	389
43193	390
16044	391
71214	392
6414	393
45596	394
30832	395
30182	396
71219	397
6897	398
9141	399
32870	400
35195	401
46700	402
7346	403
7010	404
6298	405
6513	406
7127	407
45937	408
6112	409
6486	410
51298	411
42327	412
6664	413
23036	414
375	415
6399	416
7160	417
22403	418
33967	419
71444	420
16049	421
45667	422
32507	423
70925	424
45896	425
7268	426
50770	427
7155	428
34622	429
31670	430
45047	431
51896	432
46651	433
2521	434
70727	435
48255	436
6928	437
1932	438
282	439
6304	440
60341	441
34404	442
46483	443
32940	444
42102	445
6479	446
31344	447
32388	448
51090	449
1302	450
19228	451
9144	452
44271	453
51253	454
51783	455
42157	456
34656	457
42110	458
51169	459
30073	460
10661	461
48285	462
10769	463
6259	464
16568	465
18130	466
6793	467
51439	468
6516	469
10927	470
31328	471
16310	472
33554	473
6345	474
10647	475
43623	476
35556	477
43433	478
30808	479
31325	480
6901	481
31399	482
7114	483
9124	484
31365	485
30258	486
51726	487
7047	488
1936	489
16337	490
48193	491
16050	492
34293	493
45761	494
51329	495
34330	496
33157	497
70646	498
34504	499
42992	500
33692	501
7091	502
51494	503
6281	504
31109	505
23061	506
45893	507
45168	508
50767	509
9199	510
6354	511
10833	512
16071	513
32506	514
31056	515
30041	516
6171	517
30705	518
7098	519
10563	520
34621	521
19725	522
6474	523
16076	524
460	525
35194	526
10511	527
10564	528
60969	529
6275	530
45597	531
32970	532
30641	533
32946	534
6914	535
45862	536
6875	537
7006	538
51154	539
32956	540
43489	541
6401	542
16569	543
50863	544
30335	545
45165	546
22604	547
60337	548
45944	549
8284	550
31034	551
42692	552
70265	553
6476	554
45582	555
48709	556
51784	557
16579	558
7264	559
71047	560
51452	561
16444	562
34654	563
165	564
16072	565
42269	566
7259	567
40023	568
9147	569
30811	570
22613	571
46328	572
42326	573
51187	574
377	575
16311	576
18196	577
398	578
6887	579
6620	580
9299	581
32236	582
55085	583
16571	584
6405	585
32886	586
9166	587
51648	588
5991	589
9306	590
7188	591
30856	592
7044	593
70874	594
9250	595
34728	596
50808	597
51196	598
9201	599
6220	600
6119	601
45786	602
16574	603
60545	604
70997	605
43280	606
35304	607
2685	608
48489	609
46633	610
43491	611
42991	612
30004	613
46356	614
6614	615
30239	616
6892	617
51493	618
10975	619
7204	620
42503	621
31570	622
32414	623
33151	624
90100	625
910	626
30316	627
6672	628
9109	629
51651	630
9101	631
16054	632
6084	633
19941	634
30071	635
48762	636
9203	637
7033	638
33044	639
43410	640
22898	641
6898	642
10720	643
51270	644
45884	645
31579	646
16567	647
6631	648
6638	649
1837	650
6396	651
9205	652
10594	653
45787	654
50871	655
7088	656
60078	657
50900	658
33619	659
2762	660
51320	661
6874	662
30168	663
42762	664
1752	665
51325	666
50806	667
10717	668
44264	669
51321	670
6352	671
9259	672
50708	673
7159	674
51282	675
32259	676
71168	677
45839	678
51668	679
6448	680
10941	681
7117	682
46879	683
10907	684
42133	685
45103	686
122	687
7034	688
9452	689
45075	690
44270	691
46519	692
6470	693
33683	694
30802	695
51444	696
51708	697
1649	698
34623	699
10740	700
6900	701
7270	702
60402	703
51208	704
51054	705
22008	706
9123	707
21782	708
6090	709
50804	710
32386	711
60768	712
6323	713
48863	714
34440	715
6164	716
12502	717
30183	718
45841	719
6473	720
34637	721
30217	722
819	723
43406	724
34220	725
6613	726
6732	727
51650	728
6511	729
15074	730
70665	731
30435	732
6418	733
51258	734
43574	735
6450	736
7157	737
44272	738
9132	739
46666	740
71174	741
43149	742
71478	743
7005	744
44257	745
43161	746
42398	747
43144	748
30261	749
6644	750
90305	751
34620	752
34976	753
34765	754
8334	755
6056	756
10551	757
6402	758
30005	759
8156	760
43471	761
33363	762
46834	763
6184	764
30072	765
2573	766
10458	767
7068	768
32434	769
42531	770
42158	771
31047	772
10970	773
8285	774
6917	775
19935	776
16137	777
31058	778
35467	779
32270	780
10770	781
6406	782
729	783
71310	784
2366	785
70663	786
45860	787
8629	788
30833	789
6000	790
6525	791
60767	792
7052	793
19438	794
35196	795
30334	796
7465	797
46467	798
10627	799
6446	800
45109	801
18206	802
6213	803
46578	804
43247	805
43407	806
30219	807
34433	808
19217	809
51443	810
9712	811
9152	812
45936	813
9064	814
10560	815
10565	816
42546	817
6338	818
51091	819
30101	820
42035	821
19320	822
32204	823
6778	824
45104	825
1933	826
1754	827
45058	828
35303	829
2274	830
1301	831
79	832
42532	833
10942	834
44106	835
9084	836
10742	837
8624	838
10741	839
46351	840
10676	841
18205	842
48741	843
46425	844
6356	845
60	846
19068	847
10660	848
51294	849
70873	850
46058	851
10469	852
46394	853
48663	854
45727	855
71489	856
9206	857
71046	858
51568	859
46019	860
43112	861
9267	862
43044	863
51300	864
737	865
46822	866
9207	867
6626	868
70	869
45017	870
30198	871
1505	872
16074	873
9133	874
30100	875
60544	876
30201	877
43624	878
30859	879
46885	880
50670	881
34723	882
43631	883
34427	884
6944	885
45576	886
42347	887
470	888
42434	889
46486	890
16358	891
42982	892
48742	893
43383	894
50671	895
30262	896
9451	897
51176	898
51017	899
9100	900
42273	901
31128	902
45619	903
6754	904
51186	905
18343	906
956	907
10525	908
8637	909
10921	910
30952	911
42308	912
6367	913
6518	914
45002	915
60393	916
19933	917
70897	918
32231	919
18344	920
2285	921
42775	922
31060	923
71514	924
50864	925
45466	926
9373	927
60043	928
51453	929
6665	930
32799	931
45767	932
32234	933
10543	934
18	935
55002	936
7569	937
184	938
8614	939
16447	940
46039	941
51283	942
42345	943
71216	944
1959	945
51193	946
50796	947
43038	948
6909	949
291	950
33205	951
30099	952
43122	953
32583	954
30817	955
7105	956
731	957
9154	958
42135	959
71222	960
51052	961
6661	962
9187	963
42994	964
50663	965
43065	966
45005	967
50870	968
42990	969
16138	970
71359	971
16073	972
48308	973
10464	974
42023	975
16236	976
42267	977
42129	978
16078	979
30031	980
6520	981
22616	982
34968	983
46777	984
46131	985
43634	986
3001	987
10721	988
14065	989
30035	990
65004	991
43299	992
16441	993
10657	994
42706	995
32814	996
30216	997
48753	998
17148	999
48145	1000
71029	1001
16077	1002
7249	1003
469	1004
43303	1005
48305	1006
14902	1007
16075	1008
7194	1009
7004	1010
45996	1011
46488	1012
30490	1013
51231	1014
35249	1015
45637	1016
51970	1017
31397	1018
60553	1019
479	1020
8291	1021
14066	1022
33077	1023
43542	1024
6903	1025
8366	1026
6800	1027
9142	1028
42306	1029
30174	1030
43087	1031
6221	1032
31126	1033
2279	1034
2204	1035
32318	1036
46034	1037
51318	1038
42255	1039
430	1040
14866	1041
51302	1042
45990	1043
9304	1044
50768	1045
5978	1046
6312	1047
35088	1048
45428	1049
15986	1050
71375	1051
10528	1052
40001	1053
46015	1054
42976	1055
10529	1056
51313	1057
6086	1058
42402	1059
6639	1060
48821	1061
48588	1062
42522	1063
8038	1064
16573	1065
51147	1066
50731	1067
31070	1068
34331	1069
71378	1070
10695	1071
46631	1072
46785	1073
6725	1074
43648	1075
9148	1076
30166	1077
34661	1078
45954	1079
394	1080
31929	1081
10623	1082
9072	1083
43467	1084
43967	1085
48747	1086
43928	1087
10872	1088
10675	1089
51983	1090
6916	1091
44091	1092
51205	1093
7062	1094
6457	1095
60333	1096
466	1097
478	1098
19083	1099
6497	1100
387	1101
35315	1102
90101	1103
7260	1104
45785	1105
70875	1106
32271	1107
6576	1108
16601	1109
7531	1110
31111	1111
5977	1112
31576	1113
45621	1114
7272	1115
90317	1116
1759	1117
42506	1118
10939	1119
42773	1120
14047	1121
9262	1122
8037	1123
1751	1124
42391	1125
9913	1126
43487	1127
90109	1128
42430	1129
30384	1130
50730	1131
32784	1132
6487	1133
46426	1134
288	1135
71479	1136
70592	1137
7271	1138
70302	1139
6471	1140
6041	1141
6919	1142
10382	1143
51438	1144
51145	1145
51966	1146
71072	1147
51148	1148
46635	1149
43488	1150
6998	1151
31032	1152
16180	1153
966	1154
2097	1155
45073	1156
46395	1157
51653	1158
30042	1159
10002	1160
18410	1161
45714	1162
10908	1163
7269	1164
48041	1165
51932	1166
16198	1167
34453	1168
48199	1169
18209	1170
2275	1171
45217	1172
70589	1173
43628	1174
19722	1175
7534	1176
48259	1177
21889	1178
61097	1179
32412	1180
6306	1181
6469	1182
43935	1183
771	1184
46552	1185
393	1186
45713	1187
6383	1188
90316	1189
21953	1190
33261	1191
2420	1192
9116	1193
967	1194
7096	1195
31113	1196
10412	1197
71027	1198
46639	1199
18342	1200
45639	1201
738	1202
71025	1203
1765	1204
46219	1205
6057	1206
2761	1207
51220	1208
8630	1209
9218	1210
18394	1211
45123	1212
32875	1213
43620	1214
31062	1215
43516	1216
51569	1217
50685	1218
51445	1219
51188	1220
8654	1221
1508	1222
34434	1223
10522	1224
35247	1225
71482	1226
48194	1227
45013	1228
82	1229
7008	1230
2286	1231
32197	1232
45670	1233
6536	1234
51899	1235
32869	1236
2244	1237
6625	1238
17157	1239
18022	1240
30397	1241
10586	1242
9108	1243
50714	1244
1558	1245
48311	1246
32210	1247
32387	1248
70590	1249
34762	1250
34599	1251
33627	1252
462	1253
6568	1254
9119	1255
16233	1256
9208	1257
10962	1258
48278	1259
10810	1260
45061	1261
31935	1262
6278	1263
60968	1264
31033	1265
32196	1266
51971	1267
31936	1268
6270	1269
14910	1270
32005	1271
7043	1272
10743	1273
70918	1274
34963	1275
6110	1276
45581	1277
70266	1278
437	1279
9185	1280
71071	1281
45661	1282
35051	1283
9063	1284
10457	1285
51043	1286
43666	1287
8088	1288
10658	1289
34502	1290
6801	1291
60271	1292
46640	1293
30218	1294
45423	1295
32823	1296
9220	1297
30223	1298
2688	1299
45414	1300
51297	1301
21795	1302
10871	1303
90068	1304
31575	1305
31664	1306
34391	1307
35305	1308
10940	1309
34471	1310
9180	1311
735	1312
16114	1313
46668	1314
31952	1315
50746	1316
7533	1317
50679	1318
186	1319
45066	1320
51646	1321
60260	1322
51890	1323
34508	1324
6376	1325
46474	1326
14048	1327
429	1328
42552	1329
6029	1330
71034	1331
1304	1332
2695	1333
32847	1334
34435	1335
7416	1336
21954	1337
7411	1338
30865	1339
46021	1340
50732	1341
42461	1342
9075	1343
6096	1344
9073	1345
15985	1346
43618	1347
71043	1348
17156	1349
2858	1350
45646	1351
43921	1352
43633	1353
10454	1354
51293	1355
9994	1356
18346	1357
6586	1358
90276	1359
10559	1360
32228	1361
46634	1362
8347	1363
3133	1364
42257	1365
71248	1366
32297	1367
48469	1368
2687	1369
9179	1370
6581	1371
33015	1372
34067	1373
50709	1374
22029	1375
46496	1376
46782	1377
43507	1378
46883	1379
10552	1380
42401	1381
46838	1382
7315	1383
80	1384
31103	1385
22407	1386
31998	1387
60281	1388
6949	1389
32273	1390
30148	1391
45072	1392
43603	1393
14015	1394
46824	1395
10811	1396
31110	1397
32986	1398
43401	1399
45762	1400
43534	1401
32469	1402
32413	1403
48679	1404
70296	1405
6305	1406
21800	1407
16572	1408
18216	1409
15012	1410
19	1411
31330	1412
21895	1413
33013	1414
42059	1415
32945	1416
6790	1417
32957	1418
6014	1419
31057	1420
70988	1421
17158	1422
51155	1423
30011	1424
22409	1425
70228	1426
8356	1427
33567	1428
45638	1429
2329	1430
17145	1431
71367	1432
35383	1433
9738	1434
2763	1435
50773	1436
60638	1437
32816	1438
90034	1439
42743	1440
51785	1441
46513	1442
42455	1443
35020	1444
45190	1445
10624	1446
6687	1447
6635	1448
55013	1449
3134	1450
70528	1451
18107	1452
50672	1453
9787	1454
51532	1455
30854	1456
9211	1457
2292	1458
42093	1459
48813	1460
60396	1461
10866	1462
9988	1463
55011	1464
50807	1465
8582	1466
30320	1467
2293	1468
16101	1469
724	1470
6493	1471
70588	1472
2681	1473
34086	1474
33753	1475
10771	1476
21799	1477
32872	1478
46847	1479
45861	1480
46632	1481
70372	1482
1578	1483
45658	1484
70304	1485
34643	1486
10896	1487
70664	1488
51988	1489
44088	1490
50680	1491
34113	1492
6809	1493
50803	1494
46599	1495
45586	1496
2294	1497
1774	1498
9071	1499
60295	1500
45354	1501
32225	1502
60123	1503
34204	1504
43547	1505
6182	1506
46068	1507
33158	1508
10507	1509
6021	1510
90312	1511
51560	1512
44273	1513
6206	1514
60996	1515
54	1516
48169	1517
31623	1518
6506	1519
16226	1520
43409	1521
18208	1522
46463	1523
48488	1524
45622	1525
6551	1526
9134	1527
51963	1528
42501	1529
9136	1530
31335	1531
33559	1532
6677	1533
45606	1534
7281	1535
19094	1536
2327	1537
34619	1538
19321	1539
50771	1540
14046	1541
34243	1542
90174	1543
33008	1544
43629	1545
46016	1546
60057	1547
14055	1548
42384	1549
6570	1550
21885	1551
42996	1552
8211	1553
9112	1554
42144	1555
45687	1556
9062	1557
32465	1558
33131	1559
48289	1560
51495	1561
48207	1562
51437	1563
50772	1564
33083	1565
71466	1566
14014	1567
35246	1568
38	1569
60294	1570
32958	1571
7030	1572
32330	1573
14010	1574
10596	1575
90162	1576
7009	1577
71299	1578
19511	1579
46398	1580
70536	1581
50684	1582
18202	1583
6531	1584
48814	1585
42368	1586
21891	1587
90150	1588
768	1589
97	1590
21520	1591
1953	1592
31498	1593
18105	1594
70098	1595
50704	1596
2548	1597
48548	1598
30225	1599
30593	1600
51023	1601
90136	1602
1829	1603
51058	1604
70587	1605
50868	1606
6449	1607
60119	1608
6494	1609
6369	1610
43370	1611
32543	1612
70586	1613
16116	1614
10665	1615
48668	1616
21955	1617
60285	1618
14013	1619
3254	1620
42168	1621
187	1622
6740	1623
7019	1624
10561	1625
8298	1626
48167	1627
43302	1628
9247	1629
42490	1630
46031	1631
43966	1632
70371	1633
2568	1634
60334	1635
33599	1636
1783	1637
32274	1638
31641	1639
42993	1640
43367	1641
46040	1642
10919	1643
1773	1644
51225	1645
31268	1646
1767	1647
45197	1648
9223	1649
45446	1650
50705	1651
19827	1652
30224	1653
32012	1654
21515	1655
8617	1656
71221	1657
18149	1658
16093	1659
33260	1660
46037	1661
6884	1662
6563	1663
32055	1664
16925	1665
3341	1666
10671	1667
6106	1668
32222	1669
30810	1670
7063	1671
2067	1672
21873	1673
9263	1674
9214	1675
45616	1676
14009	1677
6739	1678
46502	1679
45063	1680
46083	1681
32862	1682
32400	1683
35384	1684
8354	1685
45161	1686
51882	1687
31112	1688
45292	1689
43535	1690
45842	1691
31571	1692
51323	1693
42491	1694
7405	1695
51279	1696
42868	1697
9437	1698
45408	1699
21533	1700
10992	1701
266	1702
2374	1703
6020	1704
10632	1705
48284	1706
60479	1707
55006	1708
61099	1709
42268	1710
32528	1711
32401	1712
50932	1713
35337	1714
70922	1715
10659	1716
10591	1717
51303	1718
33005	1719
51136	1720
6611	1721
71675	1722
436	1723
30825	1724
70229	1725
71220	1726
1539	1727
7314	1728
42424	1729
51657	1730
45947	1731
42510	1732
71622	1733
6521	1734
6074	1735
34969	1736
10662	1737
2287	1738
51934	1739
1881	1740
42819	1741
45652	1742
1865	1743
7099	1744
31657	1745
6040	1746
6906	1747
301	1748
16575	1749
70570	1750
2313	1751
30308	1752
45624	1753
14808	1754
2064	1755
98	1756
48713	1757
71453	1758
71674	1759
9155	1760
51250	1761
30826	1762
16578	1763
33108	1764
71215	1765
42558	1766
9202	1767
1708	1768
43551	1769
9755	1770
40020	1771
45583	1772
18282	1773
31061	1774
60251	1775
2441	1776
7193	1777
31122	1778
31102	1779
10998	1780
42508	1781
9188	1782
22028	1783
51781	1784
3129	1785
14017	1786
6368	1787
6359	1788
9135	1789
46580	1790
9163	1791
9083	1792
46321	1793
32897	1794
45922	1795
70508	1796
90036	1797
33087	1798
6893	1799
10631	1800
46084	1801
42307	1802
51531	1803
33160	1804
32436	1805
46516	1806
43094	1807
46464	1808
6358	1809
1779	1810
10824	1811
51271	1812
46118	1813
8206	1814
70192	1815
8618	1816
19319	1817
32366	1818
7309	1819
31145	1820
51383	1821
19614	1822
31063	1823
19585	1824
1914	1825
90278	1826
51204	1827
20027	1828
70303	1829
2281	1830
10818	1831
43371	1832
46339	1833
60579	1834
70584	1835
6081	1836
46532	1837
6879	1838
21801	1839
33239	1840
14002	1841
43578	1842
48024	1843
43277	1844
30032	1845
8299	1846
9265	1847
2739	1848
32233	1849
45451	1850
48247	1851
60556	1852
43001	1853
1963	1854
21831	1855
21823	1856
50716	1857
90022	1858
45010	1859
33145	1860
34763	1861
19627	1862
51124	1863
6733	1864
45737	1865
43368	1866
21535	1867
45623	1868
16241	1869
6633	1870
7129	1871
90224	1872
14037	1873
43304	1874
48293	1875
34754	1876
18195	1877
16558	1878
33865	1879
46825	1880
35376	1881
16109	1882
31507	1883
6684	1884
32202	1885
7316	1886
44269	1887
33605	1888
45064	1889
10923	1890
6891	1891
10664	1892
60620	1893
31663	1894
71158	1895
48675	1896
43030	1897
51546	1898
30336	1899
35089	1900
45143	1901
43604	1902
32324	1903
34109	1904
90207	1905
45655	1906
380	1907
46112	1908
48865	1909
9068	1910
9225	1911
33084	1912
31338	1913
8286	1914
6482	1915
45981	1916
8216	1917
30707	1918
51547	1919
9127	1920
21826	1921
6558	1922
6063	1923
70231	1924
50869	1925
45806	1926
9113	1927
31269	1928
22401	1929
6577	1930
10506	1931
51984	1932
2070	1933
46129	1934
60151	1935
21825	1936
30858	1937
42984	1938
6098	1939
920	1940
60231	1941
33024	1942
30318	1943
6907	1944
2062	1945
9156	1946
71365	1947
42816	1948
32321	1949
6415	1950
45649	1951
32855	1952
7189	1953
42659	1954
19432	1955
60631	1956
46653	1957
8207	1958
60706	1959
33028	1960
6911	1961
45065	1962
3352	1963
19439	1964
43101	1965
30049	1966
46146	1967
51488	1968
60632	1969
51149	1970
51925	1971
6244	1972
71305	1973
6760	1974
33006	1975
9215	1976
30968	1977
9167	1978
51304	1979
90003	1980
16108	1981
6637	1982
51693	1983
45444	1984
6505	1985
19471	1986
43096	1987
10738	1988
9264	1989
48302	1990
71156	1991
32320	1992
10993	1993
60253	1994
60986	1995
50805	1996
42346	1997
6447	1998
33119	1999
90025	2000
43550	2001
34114	2002
31532	2003
51875	2004
43484	2005
42116	2006
45620	2007
43536	2008
491	2009
9126	2010
19856	2011
70230	2012
51103	2013
9077	2014
35382	2015
46643	2016
21514	2017
6538	2018
48243	2019
45214	2020
45742	2021
42559	2022
60491	2023
42983	2024
71322	2025
43555	2026
48291	2027
46638	2028
32319	2029
9296	2030
10737	2031
19835	2032
43171	2033
46114	2034
46629	2035
6188	2036
33080	2037
7603	2038
48670	2039
1523	2040
7190	2041
32206	2042
21827	2043
46645	2044
30823	2045
35306	2046
10533	2047
16090	2048
42053	2049
21521	2050
30178	2051
35510	2052
32988	2053
9120	2054
45448	2055
6787	2056
71383	2057
9066	2058
46113	2059
90218	2060
7050	2061
70099	2062
7308	2063
7528	2064
90208	2065
50710	2066
245	2067
71470	2068
34085	2069
6923	2070
45910	2071
10118	2072
6595	2073
6560	2074
33079	2075
45598	2076
42274	2077
19720	2078
45191	2079
7162	2080
51403	2081
32365	2082
51131	2083
31557	2084
43545	2085
45897	2086
46116	2087
46888	2088
50686	2089
51209	2090
51489	2091
71369	2092
51893	2093
10579	2094
50000	2095
18198	2096
33688	2097
32786	2098
1913	2099
767	2100
46605	2101
61077	2102
51324	2103
31572	2104
1960	2105
6692	2106
35082	2107
3382	2108
46931	2109
2686	2110
6071	2111
42304	2112
51307	2113
6929	2114
55057	2115
46399	2116
9272	2117
46006	2118
30149	2119
1954	2120
42492	2121
42130	2122
71295	2123
6458	2124
51189	2125
154	2126
1885	2127
10656	2128
71621	2129
45840	2130
50931	2131
60297	2132
45445	2133
43064	2134
43558	2135
10578	2136
46579	2137
10692	2138
51273	2139
30002	2140
32488	2141
5980	2142
46320	2143
1667	2144
46626	2145
48515	2146
50858	2147
9448	2148
7028	2149
6999	2150
51457	2151
61098	2152
45625	2153
51084	2154
9125	2155
55007	2156
1504	2157
43088	2158
35036	2159
31106	2160
42423	2161
60998	2162
34975	2163
35405	2164
7140	2165
1919	2166
2312	2167
19433	2168
33081	2169
6691	2170
50702	2171
6271	2172
51274	2173
50667	2174
45076	2175
33144	2176
33003	2177
7231	2178
6779	2179
34123	2180
45074	2181
80010	2182
10812	2183
32292	2184
42069	2185
70071	2186
43300	2187
51904	2188
60997	2189
71616	2190
30816	2191
9200	2192
86	2193
6353	2194
46636	2195
43450	2196
45898	2197
2029	2198
2065	2199
2690	2200
2335	2201
46504	2202
6285	2203
46503	2204
50433	2205
6776	2206
90049	2207
46128	2208
48665	2209
9070	2210
14044	2211
50434	2212
33240	2213
9219	2214
32232	2215
2042	2216
14016	2217
9151	2218
46470	2219
9168	2220
42036	2221
7128	2222
21937	2223
21936	2224
6690	2225
33628	2226
33238	2227
43372	2228
45628	2229
33032	2230
6273	2231
51310	2232
21872	2233
35437	2234
30048	2235
7172	2236
22408	2237
10524	2238
51567	2239
2902	2240
34629	2241
45923	2242
48103	2243
21781	2244
10453	2245
6599	2246
45974	2247
21843	2248
45930	2249
71241	2250
60742	2251
7176	2252
31272	2253
7131	2254
40033	2255
48710	2256
6693	2257
9395	2258
51654	2259
70828	2260
32482	2261
45685	2262
30851	2263
51492	2264
32489	2265
21952	2266
6547	2267
21522	2268
31055	2269
10819	2270
46466	2271
43449	2272
6144	2273
31163	2274
33233	2275
51881	2276
48168	2277
48708	2278
42462	2279
8608	2280
21940	2281
44247	2282
52312	2283
51123	2284
42362	2285
50715	2286
45357	2287
90114	2288
7064	2289
51570	2290
32185	2291
51319	2292
90002	2293
33014	2294
6555	2295
43462	2296
45740	2297
50432	2298
60561	2299
42244	2300
6752	2301
48333	2302
9067	2303
19934	2304
46456	2305
31114	2306
46460	2307
60390	2308
19674	2309
32483	2310
45921	2311
9069	2312
51905	2313
9110	2314
1710	2315
30804	2316
32856	2317
35084	2318
34614	2319
42364	2320
43288	2321
45604	2322
90311	2323
55012	2324
44242	2325
33135	2326
35065	2327
6721	2328
30801	2329
70076	2330
45686	2331
6641	2332
14033	2333
9161	2334
43297	2335
71450	2336
51900	2337
30437	2338
50764	2339
50798	2340
6103	2341
70726	2342
46461	2343
7286	2344
2	2345
10922	2346
32042	2347
19400	2348
7200	2349
31294	2350
48599	2351
70591	2352
46125	2353
52472	2354
10257	2355
60113	2356
7184	2357
33750	2358
46928	2359
43647	2360
45132	2361
14032	2362
50706	2363
71451	2364
31440	2365
46839	2366
48015	2367
46457	2368
30307	2369
7090	2370
46887	2371
10595	2372
42417	2373
42551	2374
16079	2375
70301	2376
90277	2377
6284	2378
60795	2379
9065	2380
42534	2381
30852	2382
43174	2383
45830	2384
33275	2385
7041	2386
96	2387
6904	2388
45911	2389
16577	2390
1709	2391
6636	2392
18210	2393
9394	2394
42451	2395
70252	2396
45577	2397
46637	2398
46364	2399
6720	2400
30516	2401
32011	2402
42278	2403
8214	2404
19362	2405
45744	2406
48523	2407
34641	2408
45003	2409
16070	2410
32774	2411
50794	2412
6464	2413
31323	2414
90304	2415
48522	2416
6351	2417
6139	2418
6996	2419
6350	2420
45449	2421
44249	2422
44267	2423
31326	2424
6379	2425
34645	2426
43687	2427
32313	2428
44260	2429
19219	2430
44237	2431
48869	2432
3333	2433
8324	2434
267	2435
44455	2436
5856	2437
5215	2438
31090	2439
44427	2440
43176	2441
30528	2442
5746	2443
46983	2444
5912	2445
16491	2446
16881	2447
50136	2448
5694	2449
30904	2450
4468	2451
16679	2452
31226	2453
5911	2454
19199	2455
34062	2456
8135	2457
42175	2458
32182	2459
35097	2460
22892	2461
22804	2462
51219	2463
5743	2464
5244	2465
17111	2466
16790	2467
4661	2468
31301	2469
22836	2470
44420	2471
30054	2472
42995	2473
45239	2474
32404	2475
16887	2476
32813	2477
42802	2478
1614	2479
16298	2480
4713	2481
8236	2482
16410	2483
4386	2484
16772	2485
16891	2486
793	2487
5777	2488
44430	2489
22838	2490
43292	2491
32135	2492
42578	2493
775	2494
19903	2495
16585	2496
3678	2497
31967	2498
70815	2499
30246	2500
12507	2501
5886	2502
8276	2503
16746	2504
44459	2505
70035	2506
5739	2507
5657	2508
15630	2509
44452	2510
44450	2511
5783	2512
777	2513
15405	2514
4712	2515
19900	2516
16627	2517
48038	2518
19001	2519
323	2520
16616	2521
3702	2522
4896	2523
44456	2524
44431	2525
3723	2526
44440	2527
16740	2528
31332	2529
5088	2530
151	2531
31461	2532
46930	2533
8289	2534
43596	2535
5604	2536
31256	2537
19787	2538
5216	2539
8047	2540
16462	2541
16818	2542
16675	2543
19207	2544
16614	2545
781	2546
791	2547
16021	2548
4197	2549
5578	2550
3712	2551
16278	2552
31410	2553
5261	2554
8443	2555
5615	2556
31406	2557
45177	2558
5770	2559
9986	2560
31968	2561
15631	2562
31253	2563
4714	2564
31988	2565
44463	2566
35257	2567
71212	2568
16604	2569
15935	2570
44421	2571
30686	2572
5102	2573
44454	2574
44429	2575
5126	2576
30133	2577
5624	2578
3774	2579
22803	2580
50839	2581
5794	2582
5654	2583
44212	2584
30247	2585
31982	2586
10008	2587
8757	2588
15399	2589
15440	2590
5791	2591
5938	2592
8021	2593
5576	2594
30312	2595
55029	2596
228	2597
5057	2598
42623	2599
30658	2600
22891	2601
16773	2602
4725	2603
4879	2604
5539	2605
784	2606
8194	2607
16788	2608
16023	2609
4888	2610
5924	2611
43566	2612
16820	2613
51020	2614
30119	2615
16763	2616
16564	2617
5764	2618
31980	2619
22624	2620
30141	2621
12510	2622
43296	2623
30427	2624
4702	2625
8080	2626
43245	2627
4872	2628
776	2629
5789	2630
16301	2631
19955	2632
5048	2633
8094	2634
19898	2635
43005	2636
30055	2637
4672	2638
70469	2639
34399	2640
31983	2641
31501	2642
31091	2643
42626	2644
5198	2645
324	2646
34708	2647
33177	2648
5543	2649
34703	2650
4857	2651
44448	2652
31984	2653
12506	2654
5626	2655
32139	2656
8134	2657
19899	2658
16817	2659
8092	2660
4434	2661
19867	2662
30684	2663
60089	2664
19904	2665
5801	2666
31970	2667
60090	2668
19012	2669
70419	2670
5874	2671
42611	2672
322	2673
31252	2674
30667	2675
1726	2676
5769	2677
16884	2678
12505	2679
15629	2680
16879	2681
5840	2682
30659	2683
5667	2684
15075	2685
32993	2686
44432	2687
3677	2688
34061	2689
4521	2690
5913	2691
30017	2692
8528	2693
33648	2694
792	2695
42598	2696
51400	2697
60589	2698
42579	2699
5819	2700
19887	2701
19866	2702
4871	2703
137	2704
16779	2705
35091	2706
16835	2707
44437	2708
32403	2709
30864	2710
45202	2711
44451	2712
44433	2713
5720	2714
1727	2715
19239	2716
42162	2717
44449	2718
5773	2719
45277	2720
5829	2721
31231	2722
30662	2723
5730	2724
22857	2725
44291	2726
5933	2727
48029	2728
31012	2729
45111	2730
4629	2731
5262	2732
8233	2733
15078	2734
44309	2735
8287	2736
16830	2737
22834	2738
30424	2739
70851	2740
4536	2741
35258	2742
45281	2743
16327	2744
5740	2745
70011	2746
31519	2747
4518	2748
16728	2749
5768	2750
30120	2751
16563	2752
5506	2753
31966	2754
33643	2755
8168	2756
5815	2757
30131	2758
30529	2759
779	2760
5778	2761
4675	2762
8565	2763
46873	2764
4086	2765
43130	2766
60053	2767
31227	2768
5741	2769
19902	2770
16407	2771
30425	2772
30135	2773
51427	2774
4721	2775
16811	2776
45309	2777
16765	2778
4716	2779
70603	2780
45182	2781
5583	2782
790	2783
4540	2784
30935	2785
3711	2786
44441	2787
43235	2788
46030	2789
50662	2790
8186	2791
16323	2792
43021	2793
31300	2794
19981	2795
30118	2796
32153	2797
70822	2798
428	2799
30867	2800
30688	2801
16876	2802
5083	2803
30663	2804
4003	2805
16624	2806
16894	2807
19957	2808
4519	2809
19888	2810
30234	2811
16757	2812
33558	2813
123	2814
44445	2815
5774	2816
70160	2817
43565	2818
30130	2819
4437	2820
16814	2821
43601	2822
42277	2823
19783	2824
16504	2825
19972	2826
32994	2827
16279	2828
5605	2829
19979	2830
30681	2831
16810	2832
8170	2833
32561	2834
16741	2835
5771	2836
5581	2837
5937	2838
794	2839
16469	2840
44304	2841
31985	2842
15077	2843
42974	2844
5887	2845
4690	2846
4812	2847
44215	2848
43527	2849
30137	2850
43492	2851
5826	2852
60205	2853
4674	2854
16893	2855
19901	2856
785	2857
16676	2858
5529	2859
70161	2860
44297	2861
31975	2862
3724	2863
16747	2864
3727	2865
5759	2866
1530	2867
70775	2868
4527	2869
16791	2870
45121	2871
104	2872
16758	2873
120	2874
16798	2875
30125	2876
5942	2877
16888	2878
5681	2879
4175	2880
70513	2881
16591	2882
32155	2883
30695	2884
31674	2885
5795	2886
30016	2887
19213	2888
42287	2889
33267	2890
31965	2891
8415	2892
22626	2893
8081	2894
8237	2895
4950	2896
35326	2897
30689	2898
118	2899
9898	2900
45271	2901
35004	2902
217	2903
778	2904
30863	2905
34358	2906
1653	2907
31010	2908
31160	2909
5593	2910
43028	2911
16874	2912
8023	2913
48770	2914
16829	2915
46906	2916
48475	2917
5201	2918
4520	2919
14704	2920
32589	2921
9295	2922
34702	2923
4738	2924
48037	2925
1637	2926
90079	2927
19198	2928
19208	2929
22832	2930
42383	2931
51213	2932
109	2933
31267	2934
3964	2935
45275	2936
16903	2937
17069	2938
3823	2939
31205	2940
30532	2941
70566	2942
71012	2943
71010	2944
34518	2945
5643	2946
16655	2947
4553	2948
5875	2949
4707	2950
15267	2951
346	2952
3684	2953
22890	2954
17016	2955
922	2956
30660	2957
3690	2958
4312	2959
30894	2960
44423	2961
16706	2962
31248	2963
782	2964
33646	2965
15276	2966
16875	2967
780	2968
32138	2969
5677	2970
16597	2971
3779	2972
45257	2973
43256	2974
9277	2975
30139	2976
5929	2977
32161	2978
35251	2979
1739	2980
30414	2981
15248	2982
32592	2983
3700	2984
32300	2985
4930	2986
8234	2987
17171	2988
16408	2989
5758	2990
31902	2991
33170	2992
1871	2993
33279	2994
44438	2995
30674	2996
16776	2997
4549	2998
30286	2999
70717	3000
30117	3001
30687	3002
1608	3003
43656	3004
5935	3005
5884	3006
9008	3007
8026	3008
31072	3009
796	3010
152	3011
5882	3012
5813	3013
71256	3014
32156	3015
30892	3016
5635	3017
5905	3018
30964	3019
30677	3020
19838	3021
16896	3022
4576	3023
45273	3024
46977	3025
22843	3026
5085	3027
4448	3028
16895	3029
19897	3030
930	3031
30134	3032
8318	3033
19905	3034
46527	3035
30140	3036
31201	3037
31903	3038
4860	3039
16853	3040
31306	3041
43498	3042
8641	3043
8017	3044
46332	3045
502	3046
5072	3047
3916	3048
444	3049
8329	3050
70061	3051
30062	3052
9055	3053
15645	3054
5618	3055
5675	3056
31414	3057
43189	3058
30665	3059
16307	3060
19956	3061
42824	3062
70461	3063
30	3064
16502	3065
407	3066
31933	3067
4659	3068
16701	3069
32356	3070
51287	3071
5319	3072
798	3073
5876	3074
18995	3075
45178	3076
42393	3077
31082	3078
48256	3079
30291	3080
42054	3081
16635	3082
16681	3083
19980	3084
16796	3085
48500	3086
15002	3087
139	3088
5160	3089
30934	3090
30014	3091
44217	3092
4779	3093
3682	3094
4428	3095
30983	3096
43138	3097
5245	3098
30136	3099
30880	3100
4866	3101
16725	3102
4532	3103
70325	3104
153	3105
19205	3106
5798	3107
8320	3108
3954	3109
31420	3110
17053	3111
3899	3112
16651	3113
19200	3114
32947	3115
44439	3116
5684	3117
307	3118
71664	3119
149	3120
399	3121
5496	3122
43657	3123
45242	3124
16505	3125
44216	3126
347	3127
42588	3128
5793	3129
4529	3130
931	3131
22884	3132
16877	3133
3713	3134
51536	3135
17046	3136
803	3137
34385	3138
16705	3139
16251	3140
30275	3141
42763	3142
42562	3143
70003	3144
15934	3145
808	3146
51540	3147
5940	3148
18024	3149
70938	3150
5839	3151
5071	3152
16889	3153
34704	3154
5732	3155
16247	3156
15197	3157
45259	3158
8408	3159
5865	3160
16833	3161
8278	3162
43073	3163
45028	3164
4620	3165
33647	3166
45240	3167
31371	3168
19210	3169
5721	3170
32777	3171
19842	3172
42764	3173
4000	3174
5678	3175
45283	3176
51099	3177
2376	3178
44057	3179
10558	3180
19058	3181
7548	3182
43009	3183
71554	3184
48878	3185
35050	3186
65008	3187
51347	3188
3	3189
44087	3190
6629	3191
44403	3192
10033	3193
8203	3194
22603	3195
50819	3196
2164	3197
35272	3198
48514	3199
71496	3200
15031	3201
31279	3202
10038	3203
51604	3204
31347	3205
30323	3206
34377	3207
60485	3208
42752	3209
48729	3210
90066	3211
70841	3212
60537	3213
43933	3214
32885	3215
50793	3216
40013	3217
17038	3218
10876	3219
30097	3220
51917	3221
10573	3222
51239	3223
9888	3224
8104	3225
46903	3226
10959	3227
44042	3228
43244	3229
21543	3230
45185	3231
7498	3232
32675	3233
51173	3234
42221	3235
1944	3236
42592	3237
43086	3238
7398	3239
7417	3240
40012	3241
42330	3242
15918	3243
9893	3244
34381	3245
10466	3246
31960	3247
9792	3248
16265	3249
32984	3250
40029	3251
50790	3252
32655	3253
1763	3254
50878	3255
10629	3256
30278	3257
51701	3258
51172	3259
7399	3260
10628	3261
43255	3262
9416	3263
1568	3264
51674	3265
52547	3266
30111	3267
19915	3268
45088	3269
51338	3270
9798	3271
6403	3272
7584	3273
31280	3274
71555	3275
61008	3276
16032	3277
51336	3278
9653	3279
71706	3280
32640	3281
7293	3282
9914	3283
50877	3284
51028	3285
51345	3286
7369	3287
33036	3288
45184	3289
2758	3290
70271	3291
1655	3292
10035	3293
34284	3294
22607	3295
1503	3296
51384	3297
9896	3298
51223	3299
44259	3300
51772	3301
30282	3302
35120	3303
34101	3304
60401	3305
7600	3306
2495	3307
32504	3308
51928	3309
7167	3310
70838	3311
6984	3312
40007	3313
51348	3314
40008	3315
48583	3316
6952	3317
48737	3318
7431	3319
45087	3320
30163	3321
19954	3322
15698	3323
2449	3324
43085	3325
2475	3326
2702	3327
1525	3328
21988	3329
40017	3330
48646	3331
6954	3332
72001	3333
65003	3334
90048	3335
48609	3336
32868	3337
48738	3338
48706	3339
51094	3340
9308	3341
9991	3342
6508	3343
48565	3344
8015	3345
9890	3346
9581	3347
60572	3348
50688	3349
6066	3350
30518	3351
2821	3352
30903	3353
9628	3354
48732	3355
9611	3356
50657	3357
35113	3358
16331	3359
51129	3360
34097	3361
7517	3362
15672	3363
50778	3364
33273	3365
2440	3366
22610	3367
3008	3368
51093	3369
16055	3370
43434	3371
2857	3372
45834	3373
48568	3374
2429	3375
9057	3376
19953	3377
43900	3378
2260	3379
7389	3380
48736	3381
9411	3382
7166	3383
45814	3384
51247	3385
8406	3386
1819	3387
14020	3388
35148	3389
70661	3390
2706	3391
60429	3392
3209	3393
51236	3394
51607	3395
9266	3396
55072	3397
14706	3398
30162	3399
9887	3400
32535	3401
31349	3402
32879	3403
48754	3404
32647	3405
6109	3406
6955	3407
50890	3408
51049	3409
9790	3410
2684	3411
70423	3412
51050	3413
10383	3414
44085	3415
44093	3416
50673	3417
7623	3418
60348	3419
60420	3420
3002	3421
35107	3422
51098	3423
2824	3424
2682	3425
61024	3426
43392	3427
8361	3428
50817	3429
70482	3430
2697	3431
30001	3432
9408	3433
6940	3434
50801	3435
2520	3436
44252	3437
1817	3438
2119	3439
51128	3440
70169	3441
1824	3442
7169	3443
10605	3444
44281	3445
1909	3446
23034	3447
7472	3448
48144	3449
2791	3450
32663	3451
44283	3452
31644	3453
2253	3454
65009	3455
9607	3456
50954	3457
42090	3458
746	3459
7610	3460
10827	3461
51051	3462
15749	3463
51960	3464
9880	3465
42089	3466
55080	3467
7420	3468
50921	3469
60562	3470
23014	3471
19637	3472
2526	3473
9725	3474
35466	3475
2251	3476
22415	3477
9892	3478
6461	3479
6812	3480
48513	3481
50820	3482
35218	3483
16485	3484
3279	3485
9056	3486
51248	3487
50818	3488
10557	3489
48585	3490
3006	3491
60541	3492
51707	3493
43279	3494
6935	3495
10243	3496
6023	3497
9791	3498
7626	3499
48332	3500
15849	3501
8544	3502
51789	3503
46323	3504
42730	3505
42060	3506
32881	3507
10952	3508
22414	3509
48592	3510
48634	3511
46164	3512
7186	3513
16052	3514
61061	3515
48608	3516
45940	3517
48562	3518
10604	3519
9617	3520
9894	3521
80134	3522
21772	3523
34370	3524
7178	3525
48534	3526
51346	3527
48511	3528
1701	3529
48871	3530
9582	3531
271	3532
2700	3533
15758	3534
9605	3535
90047	3536
19236	3537
61025	3538
6816	3539
8283	3540
45778	3541
2250	3542
9314	3543
32496	3544
32490	3545
747	3546
45926	3547
43010	3548
10608	3549
48641	3550
55066	3551
32844	3552
2637	3553
31667	3554
9965	3555
51352	3556
21549	3557
9886	3558
42176	3559
9891	3560
51241	3561
48010	3562
51246	3563
42594	3564
32963	3565
6811	3566
16051	3567
35282	3568
51235	3569
50926	3570
3230	3571
1745	3572
45229	3573
7423	3574
70201	3575
2460	3576
2836	3577
48569	3578
48002	3579
2444	3580
30850	3581
44092	3582
60688	3583
51101	3584
16445	3585
32374	3586
48232	3587
44419	3588
2443	3589
2757	3590
50658	3591
7632	3592
32615	3593
1654	3594
46546	3595
46849	3596
46620	3597
48730	3598
15992	3599
15931	3600
8610	3601
43388	3602
3013	3603
19218	3604
72175	3605
30500	3606
60419	3607
42303	3608
1935	3609
22612	3610
43413	3611
48659	3612
48872	3613
55065	3614
6022	3615
2837	3616
2369	3617
19216	3618
6869	3619
51130	3620
30900	3621
2221	3622
35110	3623
48367	3624
15674	3625
42107	3626
60512	3627
48645	3628
71495	3629
6662	3630
5975	3631
43254	3632
45912	3633
30069	3634
30193	3635
2377	3636
43331	3637
44282	3638
42445	3639
2708	3640
32635	3641
48563	3642
32943	3643
55070	3644
51340	3645
60249	3646
46999	3647
35239	3648
10332	3649
51031	3650
21537	3651
3231	3652
2009	3653
9615	3654
50856	3655
2715	3656
35295	3657
1822	3658
30947	3659
2165	3660
2724	3661
40014	3662
43270	3663
30195	3664
33500	3665
10640	3666
90092	3667
2790	3668
2252	3669
7173	3670
8645	3671
51704	3672
48598	3673
42471	3674
7424	3675
1501	3676
60740	3677
60445	3678
32602	3679
8202	3680
9952	3681
43269	3682
2699	3683
2839	3684
44236	3685
22411	3686
50851	3687
6694	3688
46660	3689
2474	3690
50906	3691
51095	3692
51385	3693
55067	3694
52548	3695
6936	3696
7507	3697
32637	3698
7596	3699
10712	3700
32409	3701
48366	3702
51046	3703
32505	3704
2237	3705
51351	3706
43934	3707
51339	3708
35114	3709
51055	3710
30879	3711
34369	3712
32101	3713
51216	3714
9743	3715
60603	3716
32410	3717
31214	3718
19079	3719
19882	3720
31341	3721
10817	3722
31333	3723
1838	3724
30522	3725
43241	3726
32648	3727
9310	3728
10883	3729
51240	3730
7530	3731
45833	3732
50776	3733
40011	3734
60038	3735
578	3736
32368	3737
60415	3738
35150	3739
6030	3740
30326	3741
50919	3742
7476	3743
23051	3744
45137	3745
32611	3746
32607	3747
45792	3748
3014	3749
43588	3750
48545	3751
14070	3752
51238	3753
70085	3754
3205	3755
35264	3756
42633	3757
10518	3758
48584	3759
10212	3760
35108	3761
14855	3762
7560	3763
2705	3764
19724	3765
2381	3766
51605	3767
2764	3768
60538	3769
30902	3770
14072	3771
5976	3772
1894	3773
2831	3774
16125	3775
50920	3776
21575	3777
43242	3778
15833	3779
7552	3780
55088	3781
32371	3782
2218	3783
6979	3784
60606	3785
9595	3786
90046	3787
45913	3788
2717	3789
55024	3790
2683	3791
7568	3792
60411	3793
1816	3794
35127	3795
3012	3796
46324	3797
7611	3798
22405	3799
2768	3800
55017	3801
1825	3802
2711	3803
7276	3804
16042	3805
19048	3806
6031	3807
9311	3808
2347	3809
1776	3810
1101	3811
3018	3812
51048	3813
7350	3814
32606	3815
60173	3816
32494	3817
9719	3818
10713	3819
50922	3820
50923	3821
6836	3822
51047	3823
41	3824
50727	3825
16064	3826
21700	3827
60191	3828
65005	3829
2833	3830
1906	3831
2208	3832
43473	3833
31334	3834
7292	3835
6986	3836
55074	3837
32649	3838
2200	3839
32880	3840
45089	3841
19076	3842
60416	3843
50795	3844
2483	3845
35265	3846
61041	3847
2220	3848
48008	3849
22621	3850
3208	3851
51100	3852
45851	3853
3283	3854
42698	3855
1912	3856
1890	3857
48521	3858
10259	3859
45815	3860
302	3861
46890	3862
42446	3863
19080	3864
45927	3865
48589	3866
2855	3867
7435	3868
42228	3869
6818	3870
51222	3871
50953	3872
60193	3873
30324	3874
51259	3875
6939	3876
48638	3877
7599	3878
48749	3879
61053	3880
48827	3881
7589	3882
16202	3883
32609	3884
42476	3885
22611	3886
32103	3887
2504	3888
50918	3889
8585	3890
3015	3891
48477	3892
48705	3893
48771	3894
32846	3895
33002	3896
10463	3897
32964	3898
32965	3899
7478	3900
34367	3901
7588	3902
6937	3903
30301	3904
48707	3905
8306	3906
45732	3907
51029	3908
2448	3909
9948	3910
19067	3911
2720	3912
48839	3913
7565	3914
46545	3915
14075	3916
42742	3917
51924	3918
7612	3919
17015	3920
40024	3921
9639	3922
8643	3923
10517	3924
2834	3925
44182	3926
60571	3927
46661	3928
33143	3929
44036	3930
2703	3931
9746	3932
60601	3933
42440	3934
45765	3935
33483	3936
2566	3937
7519	3938
21915	3939
22602	3940
32677	3941
15718	3942
51349	3943
7224	3944
46753	3945
51350	3946
51606	3947
2709	3948
55021	3949
16126	3950
22404	3951
10016	3952
10092	3953
2456	3954
1704	3955
3007	3956
33189	3957
31645	3958
48520	3959
46719	3960
51224	3961
35270	3962
35220	3963
2423	3964
34311	3965
3206	3966
55114	3967
9312	3968
9895	3969
15837	3970
2478	3971
45933	3972
32411	3973
22037	3974
2822	3975
2718	3976
2367	3977
2224	3978
32680	3979
32612	3980
42058	3981
43627	3982
2819	3983
70167	3984
10828	3985
7219	3986
6037	3987
18904	3988
60444	3989
9953	3990
34368	3991
7179	3992
46209	3993
23058	3994
32352	3995
32102	3996
48704	3997
19883	3998
1841	3999
32481	4000
32479	4001
35109	4002
50854	4003
2418	4004
31137	4005
7215	4006
2228	4007
30521	4008
40009	4009
6885	4010
19884	4011
32608	4012
9583	4013
60443	4014
48570	4015
15914	4016
2088	4017
31099	4018
51030	4019
31646	4020
60047	4021
30194	4022
31281	4023
60605	4024
90087	4025
30447	4026
50880	4027
10574	4028
32642	4029
43583	4030
32623	4031
31016	4032
44246	4033
10410	4034
7444	4035
1910	4036
43470	4037
2428	4038
46942	4039
9593	4040
35137	4041
31343	4042
51972	4043
55092	4044
48593	4045
31348	4046
6820	4047
50852	4048
15669	4049
19233	4050
7631	4051
43954	4052
50691	4053
1892	4054
7365	4055
43393	4056
51768	4057
48875	4058
90257	4059
32350	4060
7351	4061
10863	4062
70783	4063
32845	4064
31382	4065
6067	4066
51691	4067
5881	4068
32105	4069
23060	4070
6772	4071
32502	4072
16128	4073
42723	4074
48518	4075
19843	4076
7275	4077
48519	4078
60590	4079
6970	4080
23033	4081
31938	4082
23046	4083
10468	4084
31981	4085
44434	4086
6515	4087
40031	4088
160	4089
6348	4090
46914	4091
10556	4092
6766	4093
43233	4094
441	4095
60255	4096
10508	4097
17076	4098
409	4099
48856	4100
6950	4101
31224	4102
23052	4103
9507	4104
6113	4105
32501	4106
42822	4107
275	4108
31974	4109
46872	4110
5849	4111
9889	4112
178	4113
80090	4114
6038	4115
30473	4116
8275	4117
3729	4118
33178	4119
43412	4120
314	4121
3697	4122
16831	4123
836	4124
742	4125
70013	4126
51171	4127
42575	4128
19660	4129
32553	4130
754	4131
32978	4132
4722	4133
30176	4134
30474	4135
42651	4136
19985	4137
43169	4138
6810	4139
33180	4140
51037	4141
16667	4142
42724	4143
71368	4144
31125	4145
8173	4146
5788	4147
48731	4148
45252	4149
3676	4150
19203	4151
8297	4152
34357	4153
955	4154
32104	4155
112	4156
1522	4157
71013	4158
34308	4159
166	4160
32509	4161
835	4162
16209	4163
32806	4164
5548	4165
32108	4166
6094	4167
43167	4168
161	4169
45324	4170
44436	4171
42126	4172
1300	4173
19401	4174
46085	4175
786	4176
19829	4177
30554	4178
8509	4179
9735	4180
71014	4181
32559	4182
16787	4183
34397	4184
35493	4185
972	4186
9300	4187
34605	4188
34724	4189
16129	4190
15291	4191
32107	4192
15936	4193
33176	4194
439	4195
45254	4196
128	4197
51788	4198
9723	4199
33202	4200
42625	4201
51278	4202
55035	4203
459	4204
5761	4205
32555	4206
320	4207
8296	4208
1883	4209
32106	4210
6534	4211
30866	4212
15988	4213
31597	4214
31383	4215
4497	4216
9536	4217
16926	4218
46165	4219
32109	4220
5816	4221
313	4222
338	4223
44435	4224
1882	4225
315	4226
60194	4227
9534	4228
741	4229
8175	4230
17059	4231
71218	4232
9733	4233
31976	4234
5744	4235
5818	4236
8204	4237
6301	4238
19751	4239
45261	4240
33179	4241
5099	4242
6767	4243
34212	4244
9579	4245
31211	4246
443	4247
7097	4248
16471	4249
43248	4250
70193	4251
5096	4252
46173	4253
753	4254
5753	4255
71031	4256
6111	4257
5838	4258
71033	4259
6488	4260
42590	4261
51181	4262
15838	4263
65007	4264
9058	4265
44238	4266
6807	4267
8152	4268
51180	4269
50789	4270
50896	4271
6865	4272
19538	4273
15697	4274
15908	4275
51234	4276
10467	4277
35162	4278
1818	4279
43170	4280
9059	4281
19222	4282
3158	4283
15909	4284
60828	4285
60070	4286
15695	4287
51179	4288
16043	4289
15879	4290
9987	4291
1736	4292
8360	4293
1738	4294
8358	4295
2805	4296
7622	4297
10160	4298
2786	4299
2759	4300
2780	4301
7164	4302
8595	4303
19730	4304
7635	4305
9954	4306
7300	4307
6959	4308
7469	4309
2920	4310
30203	4311
9855	4312
16333	4313
30716	4314
18988	4315
48640	4316
45995	4317
42078	4318
51964	4319
30202	4320
30706	4321
8105	4322
43043	4323
30703	4324
9950	4325
16482	4326
48056	4327
7306	4328
42048	4329
7391	4330
7455	4331
7297	4332
2777	4333
2784	4334
45931	4335
7277	4336
50832	4337
7447	4338
42067	4339
9620	4340
33301	4341
7304	4342
45793	4343
60560	4344
48512	4345
35223	4346
9996	4347
7450	4348
22416	4349
2810	4350
7392	4351
1700	4352
2788	4353
48859	4354
42386	4355
16476	4356
7349	4357
35214	4358
6277	4359
48138	4360
42675	4361
7283	4362
34332	4363
2808	4364
9826	4365
2807	4366
35222	4367
2783	4368
35317	4369
16334	4370
19732	4371
42051	4372
2775	4373
51961	4374
46011	4375
7227	4376
35316	4377
19731	4378
9799	4379
48139	4380
2781	4381
7449	4382
2778	4383
6024	4384
9415	4385
30243	4386
9756	4387
9908	4388
46148	4389
6813	4390
48438	4391
9749	4392
9658	4393
19748	4394
10090	4395
48316	4396
19758	4397
19761	4398
9753	4399
34050	4400
10149	4401
43455	4402
9737	4403
9404	4404
48467	4405
9074	4406
16144	4407
48580	4408
10260	4409
9757	4410
42044	4411
9932	4412
5982	4413
48437	4414
71331	4415
48581	4416
48507	4417
19760	4418
71333	4419
48582	4420
16143	4421
48868	4422
15994	4423
9909	4424
19757	4425
9657	4426
9793	4427
48508	4428
71669	4429
9627	4430
43572	4431
10154	4432
9814	4433
6541	4434
33517	4435
46379	4436
9082	4437
19300	4438
9863	4439
9856	4440
33478	4441
71446	4442
48440	4443
9642	4444
71395	4445
22622	4446
10182	4447
19299	4448
71326	4449
9751	4450
9095	4451
9226	4452
16020	4453
3824	4454
16721	4455
44444	4456
44425	4457
16860	4458
5737	4459
43234	4460
5515	4461
44422	4462
16668	4463
43228	4464
44446	4465
5811	4466
43232	4467
16857	4468
9526	4469
16211	4470
9532	4471
32991	4472
4091	4473
16863	4474
55044	4475
44428	4476
5634	4477
16836	4478
325	4479
16872	4480
16880	4481
16628	4482
175	4483
15036	4484
31225	4485
5372	4486
16854	4487
15103	4488
46912	4489
16840	4490
16684	4491
43227	4492
5776	4493
43231	4494
16528	4495
31672	4496
43226	4497
43229	4498
43704	4499
35168	4500
45477	4501
2090	4502
35156	4503
45495	4504
48102	4505
35153	4506
912	4507
60911	4508
7310	4509
35154	4510
45171	4511
71390	4512
43063	4513
33206	4514
16028	4515
32992	4516
30951	4517
45666	4518
16460	4519
46667	4520
48052	4521
7460	4522
16459	4523
46671	4524
46152	4525
48934	4526
48134	4527
45465	4528
44306	4529
60913	4530
42074	4531
55059	4532
42684	4533
1742	4534
5700	4535
30725	4536
45676	4537
71363	4538
60293	4539
51663	4540
5859	4541
35081	4542
35071	4543
10369	4544
45611	4545
9586	4546
30722	4547
48260	4548
8328	4549
5637	4550
45478	4551
46669	4552
8230	4553
16325	4554
16607	4555
60856	4556
35078	4557
45610	4558
46536	4559
42714	4560
7445	4561
48136	4562
42688	4563
32982	4564
8069	4565
46534	4566
16461	4567
43679	4568
45196	4569
42689	4570
46670	4571
45476	4572
48682	4573
35329	4574
60120	4575
805	4576
51965	4577
42025	4578
44094	4579
44200	4580
44464	4581
5623	4582
44218	4583
44068	4584
44424	4585
44279	4586
33645	4587
33644	4588
19054	4589
44199	4590
5622	4591
44071	4592
51817	4593
44003	4594
5488	4595
31647	4596
2455	4597
50810	4598
2541	4599
2040	4600
6956	4601
10894	4602
70848	4603
45939	4604
33655	4605
30430	4606
45335	4607
42641	4608
32432	4609
30666	4610
45334	4611
44174	4612
44177	4613
